id	age	gender	trial	decision	n_left	n_right	side	response	accuracy	RT	conf	conf_RT	mode	param
ML01	28	F	1	1	60	39	1	0	1	0.270391	NaN	NaN	range	0.45258
ML01	28	F	1	2	43	56	2	1	1	0.872071	NaN	NaN	range	0.45258
ML01	28	F	2	1	42	58	2	1	1	0.019009	NaN	NaN	range	0.45258
ML01	28	F	2	2	47	53	2	0	0	2.346112	NaN	NaN	range	0.45258
ML01	28	F	3	1	51	49	1	0	1	0.621871	NaN	NaN	range	0.45258
ML01	28	F	3	2	47	52	2	1	1	0.114024	NaN	NaN	range	0.45258
ML01	28	F	4	1	48	51	2	0	0	0.080206	NaN	NaN	range	0.45258
ML01	28	F	4	2	55	45	1	0	1	1.761577	NaN	NaN	range	0.45258
ML01	28	F	5	1	49	51	2	1	1	0.017457	NaN	NaN	range	0.45258
ML01	28	F	5	2	48	52	2	1	1	0.400289	NaN	NaN	range	0.45258
ML01	28	F	6	1	51	49	1	0	1	0.508387	NaN	NaN	range	0.45258
ML01	28	F	6	2	40	60	2	1	1	0.086429	NaN	NaN	range	0.45258
ML01	28	F	7	1	40	59	2	1	1	0.847081	NaN	NaN	range	0.45258
ML01	28	F	7	2	43	57	2	0	0	0.132474	NaN	NaN	range	0.45258
ML01	28	F	8	1	41	59	2	1	1	0.041342	NaN	NaN	range	0.45258
ML01	28	F	8	2	49	51	2	0	0	0.236237	NaN	NaN	range	0.45258
ML01	28	F	9	1	41	59	2	1	1	1.552635	NaN	NaN	range	0.45258
ML01	28	F	9	2	44	56	2	1	1	0.493390	NaN	NaN	range	0.45258
ML01	28	F	10	1	52	47	1	0	1	0.019638	NaN	NaN	range	0.45258
ML01	28	F	10	2	48	52	2	1	1	4.149196	NaN	NaN	range	0.45258
ML01	28	F	11	1	52	48	1	0	1	0.058007	NaN	NaN	range	0.45258
ML01	28	F	11	2	39	60	2	1	1	0.037427	NaN	NaN	range	0.45258
ML01	28	F	12	1	43	56	2	1	1	0.089428	NaN	NaN	range	0.45258
ML01	28	F	12	2	40	60	2	1	1	0.393800	NaN	NaN	range	0.45258
ML01	28	F	13	1	57	43	1	0	1	0.020039	NaN	NaN	range	0.45258
ML01	28	F	13	2	40	59	2	1	1	2.954382	NaN	NaN	range	0.45258
ML01	28	F	14	1	60	39	1	0	1	0.020750	NaN	NaN	range	0.45258
ML01	28	F	14	2	47	53	2	1	1	0.204694	NaN	NaN	range	0.45258
ML01	28	F	15	1	55	44	1	0	1	0.224569	NaN	NaN	range	0.45258
ML01	28	F	15	2	46	53	2	1	1	0.021132	NaN	NaN	range	0.45258
ML01	28	F	16	1	45	55	2	1	1	0.471992	NaN	NaN	range	0.45258
ML01	28	F	16	2	48	51	2	1	1	0.352685	NaN	NaN	range	0.45258
ML01	28	F	17	1	60	39	1	0	1	1.075532	NaN	NaN	range	0.45258
ML01	28	F	17	2	44	55	2	1	1	0.555460	NaN	NaN	range	0.45258
ML01	28	F	18	1	46	53	2	0	0	0.498292	NaN	NaN	range	0.45258
ML01	28	F	18	2	56	44	1	1	0	0.039053	NaN	NaN	range	0.45258
ML01	28	F	19	1	44	55	2	1	1	0.779209	NaN	NaN	range	0.45258
ML01	28	F	19	2	45	54	2	1	1	0.033307	NaN	NaN	range	0.45258
ML01	28	F	20	1	54	46	1	0	1	0.463133	NaN	NaN	range	0.45258
ML01	28	F	20	2	48	52	2	0	0	0.702283	NaN	NaN	range	0.45258
ML01	28	F	21	1	54	45	1	0	1	0.347338	NaN	NaN	range	0.45258
ML01	28	F	21	2	46	53	2	0	0	0.437822	NaN	NaN	range	0.45258
ML01	28	F	22	1	44	55	2	1	1	0.199151	NaN	NaN	range	0.45258
ML01	28	F	22	2	45	54	2	1	1	0.207134	NaN	NaN	range	0.45258
ML01	28	F	23	1	60	39	1	0	1	0.155325	NaN	NaN	range	0.45258
ML01	28	F	23	2	40	60	2	1	1	2.821566	NaN	NaN	range	0.45258
ML01	28	F	24	1	55	44	1	0	1	0.063476	NaN	NaN	range	0.45258
ML01	28	F	24	2	42	58	2	1	1	4.288586	NaN	NaN	range	0.45258
ML01	28	F	25	1	51	49	1	0	1	0.023685	NaN	NaN	range	0.45258
ML01	28	F	25	2	48	51	2	1	1	0.180086	NaN	NaN	range	0.45258
ML01	28	F	26	1	39	60	2	1	1	0.545813	NaN	NaN	range	0.45258
ML01	28	F	26	2	48	51	2	1	1	2.794271	NaN	NaN	range	0.45258
ML01	28	F	27	1	56	43	1	0	1	0.075811	NaN	NaN	range	0.45258
ML01	28	F	27	2	43	56	2	0	0	0.024082	NaN	NaN	range	0.45258
ML01	28	F	28	1	39	60	2	1	1	0.167897	NaN	NaN	range	0.45258
ML01	28	F	28	2	44	56	2	1	1	0.024976	NaN	NaN	range	0.45258
ML01	28	F	29	1	54	45	1	0	1	0.656582	NaN	NaN	range	0.45258
ML01	28	F	29	2	42	58	2	0	0	0.060303	NaN	NaN	range	0.45258
ML01	28	F	30	1	54	46	1	0	1	0.168197	NaN	NaN	range	0.45258
ML01	28	F	30	2	40	59	2	1	1	2.402394	NaN	NaN	range	0.45258
ML01	28	F	31	1	57	43	1	0	1	0.216385	NaN	NaN	range	0.45258
ML01	28	F	31	2	40	60	2	1	1	0.750021	NaN	NaN	range	0.45258
ML01	28	F	32	1	45	55	2	1	1	0.078172	NaN	NaN	range	0.45258
ML01	28	F	32	2	45	54	2	1	1	3.953085	NaN	NaN	range	0.45258
ML01	28	F	33	1	45	55	2	1	1	0.491345	NaN	NaN	range	0.45258
ML01	28	F	33	2	41	59	2	1	1	0.124054	NaN	NaN	range	0.45258
ML01	28	F	34	1	46	53	2	1	1	0.247529	NaN	NaN	range	0.45258
ML01	28	F	34	2	41	58	2	1	1	0.026149	NaN	NaN	range	0.45258
ML01	28	F	35	1	44	55	2	1	1	0.631394	NaN	NaN	range	0.45258
ML01	28	F	35	2	42	57	2	1	1	2.896813	NaN	NaN	range	0.45258
ML01	28	F	36	1	61	39	1	0	1	0.113841	NaN	NaN	range	0.45258
ML01	28	F	36	2	47	53	2	1	1	2.399073	NaN	NaN	range	0.45258
ML01	28	F	37	1	54	45	1	0	1	0.216468	NaN	NaN	range	0.45258
ML01	28	F	37	2	43	56	2	1	1	0.603575	NaN	NaN	range	0.45258
ML01	28	F	38	1	49	51	2	1	1	0.406983	NaN	NaN	range	0.45258
ML01	28	F	38	2	43	56	2	1	1	0.027589	NaN	NaN	range	0.45258
ML01	28	F	39	1	44	56	2	0	0	0.492572	NaN	NaN	range	0.45258
ML01	28	F	39	2	59	40	1	1	0	4.745953	NaN	NaN	range	0.45258
ML01	28	F	40	1	39	60	2	1	1	0.081008	NaN	NaN	range	0.45258
ML01	28	F	40	2	47	53	2	1	1	0.027058	NaN	NaN	range	0.45258
ML01	28	F	41	1	39	60	2	1	1	0.217268	NaN	NaN	range	0.45258
ML01	28	F	41	2	46	54	2	1	1	1.659283	NaN	NaN	range	0.45258
ML01	28	F	42	1	57	42	1	0	1	0.358461	NaN	NaN	range	0.45258
ML01	28	F	42	2	41	59	2	1	1	0.029023	NaN	NaN	range	0.45258
ML01	28	F	43	1	46	53	2	1	1	0.215046	NaN	NaN	range	0.45258
ML01	28	F	43	2	46	53	2	1	1	0.028981	NaN	NaN	range	0.45258
ML01	28	F	44	1	39	61	2	1	1	0.336479	NaN	NaN	range	0.45258
ML01	28	F	44	2	45	54	2	0	0	4.543683	NaN	NaN	range	0.45258
ML01	28	F	45	1	46	53	2	1	1	0.168557	NaN	NaN	range	0.45258
ML01	28	F	45	2	40	59	2	1	1	0.126567	NaN	NaN	range	0.45258
ML01	28	F	46	1	54	46	1	0	1	0.340519	NaN	NaN	range	0.45258
ML01	28	F	46	2	46	53	2	0	0	0.245229	NaN	NaN	range	0.45258
ML01	28	F	47	1	46	54	2	1	1	0.467599	NaN	NaN	range	0.45258
ML01	28	F	47	2	47	53	2	1	1	0.055647	NaN	NaN	range	0.45258
ML01	28	F	48	1	48	51	2	0	0	0.085071	NaN	NaN	range	0.45258
ML01	28	F	48	2	60	40	1	0	1	1.174881	NaN	NaN	range	0.45258
ML01	28	F	49	1	48	51	2	1	1	0.228728	NaN	NaN	range	0.45258
ML01	28	F	49	2	48	51	2	1	1	0.031672	NaN	NaN	range	0.45258
ML01	28	F	50	1	53	46	1	0	1	0.139413	NaN	NaN	range	0.45258
ML01	28	F	50	2	44	56	2	1	1	0.031645	NaN	NaN	range	0.45258
ML01	28	F	51	1	43	56	2	1	1	0.136005	NaN	NaN	range	0.45258
ML01	28	F	51	2	44	55	2	0	0	1.863068	NaN	NaN	range	0.45258
ML01	28	F	52	1	42	58	2	1	1	0.033847	NaN	NaN	range	0.45258
ML01	28	F	52	2	47	52	2	1	1	1.820510	NaN	NaN	range	0.45258
ML01	28	F	53	1	44	55	2	0	0	3.135518	NaN	NaN	range	0.45258
ML01	28	F	53	2	59	41	1	0	1	0.358905	NaN	NaN	range	0.45258
ML01	28	F	54	1	42	57	2	1	1	0.190996	NaN	NaN	range	0.45258
ML01	28	F	54	2	40	60	2	1	1	0.034502	NaN	NaN	range	0.45258
ML01	28	F	55	1	39	60	2	1	1	0.033205	NaN	NaN	range	0.45258
ML01	28	F	55	2	45	55	2	0	0	0.034437	NaN	NaN	range	0.45258
ML01	28	F	56	1	47	52	2	1	1	3.113819	NaN	NaN	range	0.45258
ML01	28	F	56	2	39	61	2	1	1	0.034963	NaN	NaN	range	0.45258
ML01	28	F	57	1	40	60	2	1	1	0.062731	NaN	NaN	range	0.45258
ML01	28	F	57	2	48	51	2	1	1	0.124459	NaN	NaN	range	0.45258
ML01	28	F	58	1	39	60	2	1	1	0.148265	NaN	NaN	range	0.45258
ML01	28	F	58	2	40	60	2	1	1	0.052695	NaN	NaN	range	0.45258
ML01	28	F	59	1	51	49	1	0	1	0.404174	NaN	NaN	range	0.45258
ML01	28	F	59	2	40	59	2	1	1	0.038457	NaN	NaN	range	0.45258
ML01	28	F	60	1	52	47	1	0	1	0.097056	NaN	NaN	range	0.45258
ML01	28	F	60	2	40	59	2	1	1	0.035253	NaN	NaN	range	0.45258
ML01	28	F	61	1	54	45	1	1	0	0.416240	NaN	NaN	range	0.45258
ML01	28	F	61	2	58	41	1	0	1	0.150200	NaN	NaN	range	0.45258
ML01	28	F	62	1	55	44	1	0	1	0.200937	NaN	NaN	range	0.45258
ML01	28	F	62	2	48	51	2	1	1	1.562501	NaN	NaN	range	0.45258
ML01	28	F	63	1	55	44	1	0	1	0.036859	NaN	NaN	range	0.45258
ML01	28	F	63	2	39	60	2	1	1	0.035335	NaN	NaN	range	0.45258
ML01	28	F	64	1	59	40	1	0	1	0.037429	NaN	NaN	range	0.45258
ML01	28	F	64	2	41	59	2	1	1	0.036448	NaN	NaN	range	0.45258
ML01	28	F	65	1	60	40	1	0	1	0.036301	NaN	NaN	range	0.45258
ML01	28	F	65	2	39	60	2	1	1	0.037468	NaN	NaN	range	0.45258
ML01	28	F	66	1	60	40	1	0	1	0.035561	NaN	NaN	range	0.45258
ML01	28	F	66	2	44	55	2	1	1	1.311471	NaN	NaN	range	0.45258
ML01	28	F	67	1	57	43	1	0	1	0.036926	NaN	NaN	range	0.45258
ML01	28	F	67	2	41	58	2	1	1	0.037401	NaN	NaN	range	0.45258
ML01	28	F	68	1	55	44	1	0	1	0.038809	NaN	NaN	range	0.45258
ML01	28	F	68	2	44	55	2	1	1	0.039858	NaN	NaN	range	0.45258
ML01	28	F	69	1	55	45	1	0	1	0.332032	NaN	NaN	range	0.45258
ML01	28	F	69	2	46	54	2	0	0	0.997903	NaN	NaN	range	0.45258
ML01	28	F	70	1	44	56	2	0	0	0.164229	NaN	NaN	range	0.45258
ML01	28	F	70	2	51	48	1	1	0	0.038457	NaN	NaN	range	0.45258
ML01	28	F	71	1	40	59	2	1	1	0.100700	NaN	NaN	range	0.45258
ML01	28	F	71	2	43	56	2	1	1	1.846479	NaN	NaN	range	0.45258
ML01	28	F	72	1	58	42	1	0	1	0.041994	NaN	NaN	range	0.45258
ML01	28	F	72	2	44	55	2	1	1	0.040808	NaN	NaN	range	0.45258
ML01	28	F	73	1	49	51	2	1	1	0.124107	NaN	NaN	range	0.45258
ML01	28	F	73	2	42	57	2	1	1	2.096609	NaN	NaN	range	0.45258
ML01	28	F	74	1	43	56	2	1	1	0.366349	NaN	NaN	range	0.45258
ML01	28	F	74	2	42	57	2	1	1	0.041521	NaN	NaN	range	0.45258
ML01	28	F	75	1	39	60	2	1	1	0.042190	NaN	NaN	range	0.45258
ML01	28	F	75	2	43	56	2	1	1	0.291563	NaN	NaN	range	0.45258
ML01	28	F	76	1	51	48	1	0	1	0.041067	NaN	NaN	range	0.45258
ML01	28	F	76	2	47	52	2	1	1	0.042908	NaN	NaN	range	0.45258
ML01	28	F	77	1	53	46	1	1	0	0.439548	NaN	NaN	range	0.45258
ML01	28	F	77	2	55	45	1	0	1	0.320625	NaN	NaN	range	0.45258
ML01	28	F	78	1	53	46	1	1	0	0.870519	NaN	NaN	range	0.45258
ML01	28	F	78	2	52	48	1	1	0	0.081902	NaN	NaN	range	0.45258
ML01	28	F	79	1	56	43	1	0	1	0.373561	NaN	NaN	range	0.45258
ML01	28	F	79	2	46	54	2	1	1	0.321313	NaN	NaN	range	0.45258
ML01	28	F	80	1	49	51	2	0	0	0.267678	NaN	NaN	range	0.45258
ML01	28	F	80	2	54	46	1	0	1	0.179156	NaN	NaN	range	0.45258
ML01	28	F	81	1	40	60	2	1	1	0.108117	NaN	NaN	range	0.45258
ML01	28	F	81	2	44	55	2	0	0	0.287935	NaN	NaN	range	0.45258
ML01	28	F	82	1	55	45	1	0	1	0.299405	NaN	NaN	range	0.45258
ML01	28	F	82	2	44	56	2	1	1	0.047010	NaN	NaN	range	0.45258
ML01	28	F	83	1	46	53	2	0	0	0.331118	NaN	NaN	range	0.45258
ML01	28	F	83	2	52	48	1	0	1	1.540627	NaN	NaN	range	0.45258
ML01	28	F	84	1	56	44	1	0	1	0.196548	NaN	NaN	range	0.45258
ML01	28	F	84	2	42	58	2	1	1	0.048877	NaN	NaN	range	0.45258
ML01	28	F	85	1	48	51	2	0	0	0.374757	NaN	NaN	range	0.45258
ML01	28	F	85	2	57	42	1	0	1	0.888288	NaN	NaN	range	0.45258
ML01	28	F	86	1	48	52	2	1	1	0.047039	NaN	NaN	range	0.45258
ML01	28	F	86	2	39	60	2	1	1	0.066760	NaN	NaN	range	0.45258
ML01	28	F	87	1	47	52	2	1	1	0.050746	NaN	NaN	range	0.45258
ML01	28	F	87	2	45	54	2	1	1	0.050530	NaN	NaN	range	0.45258
ML01	28	F	88	1	54	45	1	0	1	0.312054	NaN	NaN	range	0.45258
ML01	28	F	88	2	46	53	2	1	1	0.241154	NaN	NaN	range	0.45258
ML01	28	F	89	1	39	61	2	1	1	0.050322	NaN	NaN	range	0.45258
ML01	28	F	89	2	48	51	2	1	1	0.283483	NaN	NaN	range	0.45258
ML01	28	F	90	1	47	52	2	1	1	0.255797	NaN	NaN	range	0.45258
ML01	28	F	90	2	40	60	2	1	1	0.118308	NaN	NaN	range	0.45258
ML01	28	F	91	1	54	46	1	0	1	0.078748	NaN	NaN	range	0.45258
ML01	28	F	91	2	46	53	2	1	1	0.053950	NaN	NaN	range	0.45258
ML01	28	F	92	1	46	54	2	0	0	0.065698	NaN	NaN	range	0.45258
ML01	28	F	92	2	53	47	1	0	1	0.057346	NaN	NaN	range	0.45258
ML01	28	F	93	1	45	55	2	1	1	0.053891	NaN	NaN	range	0.45258
ML01	28	F	93	2	46	54	2	1	1	0.194568	NaN	NaN	range	0.45258
ML01	28	F	94	1	53	46	1	0	1	0.065662	NaN	NaN	range	0.45258
ML01	28	F	94	2	48	52	2	1	1	0.056764	NaN	NaN	range	0.45258
ML01	28	F	95	1	51	48	1	0	1	0.365289	NaN	NaN	range	0.45258
ML01	28	F	95	2	40	59	2	1	1	2.031170	NaN	NaN	range	0.45258
ML01	28	F	96	1	55	45	1	0	1	0.064769	NaN	NaN	range	0.45258
ML01	28	F	96	2	43	57	2	1	1	0.069053	NaN	NaN	range	0.45258
ML01	28	F	97	1	40	60	2	0	0	0.102776	NaN	NaN	range	0.45258
ML01	28	F	97	2	59	41	1	0	1	3.666863	NaN	NaN	range	0.45258
ML01	28	F	98	1	48	51	2	0	0	0.210908	NaN	NaN	range	0.45258
ML01	28	F	98	2	60	39	1	0	1	0.386169	NaN	NaN	range	0.45258
ML01	28	F	99	1	44	56	2	1	1	0.058859	NaN	NaN	range	0.45258
ML01	28	F	99	2	41	59	2	1	1	0.144001	NaN	NaN	range	0.45258
ML01	28	F	100	1	40	60	2	1	1	0.348757	NaN	NaN	range	0.45258
ML01	28	F	100	2	41	59	2	1	1	2.095803	NaN	NaN	range	0.45258
ML01	28	F	101	1	46	53	2	1	1	0.449218	NaN	NaN	range	0.45258
ML01	28	F	101	2	42	58	2	1	1	0.060163	NaN	NaN	range	0.45258
ML01	28	F	102	1	54	46	1	0	1	0.160112	NaN	NaN	range	0.45258
ML01	28	F	102	2	48	52	2	0	0	0.224188	NaN	NaN	range	0.45258
ML01	28	F	103	1	48	52	2	0	0	0.177551	NaN	NaN	range	0.45258
ML01	28	F	103	2	52	48	1	0	1	3.435924	NaN	NaN	range	0.45258
ML01	28	F	104	1	57	43	1	0	1	0.064209	NaN	NaN	range	0.45258
ML01	28	F	104	2	48	51	2	0	0	0.293782	NaN	NaN	range	0.45258
ML01	28	F	105	1	46	54	2	1	1	0.356962	NaN	NaN	range	0.45258
ML01	28	F	105	2	48	52	2	0	0	0.382714	NaN	NaN	range	0.45258
ML01	28	F	106	1	48	51	2	1	1	0.261845	NaN	NaN	range	0.45258
ML01	28	F	106	2	39	61	2	1	1	1.446073	NaN	NaN	range	0.45258
ML01	28	F	107	1	51	48	1	0	1	0.188754	NaN	NaN	range	0.45258
ML01	28	F	107	2	46	53	2	1	1	2.030291	NaN	NaN	range	0.45258
ML01	28	F	108	1	48	51	2	0	0	0.355577	NaN	NaN	range	0.45258
ML01	28	F	108	2	54	46	1	0	1	0.188781	NaN	NaN	range	0.45258
ML01	28	F	109	1	48	52	2	0	0	0.321001	NaN	NaN	range	0.45258
ML01	28	F	109	2	51	48	1	0	1	2.497196	NaN	NaN	range	0.45258
ML01	28	F	110	1	46	54	2	0	0	0.335388	NaN	NaN	range	0.45258
ML01	28	F	110	2	53	46	1	0	1	0.101516	NaN	NaN	range	0.45258
ML01	28	F	111	1	47	53	2	0	0	0.345473	NaN	NaN	range	0.45258
ML01	28	F	111	2	51	49	1	1	0	0.071953	NaN	NaN	range	0.45258
ML01	28	F	112	1	46	54	2	1	1	0.252689	NaN	NaN	range	0.45258
ML01	28	F	112	2	39	61	2	1	1	2.505448	NaN	NaN	range	0.45258
ML01	28	F	113	1	60	40	1	0	1	0.229786	NaN	NaN	range	0.45258
ML01	28	F	113	2	46	53	2	1	1	0.070769	NaN	NaN	range	0.45258
ML01	28	F	114	1	51	48	1	1	0	0.313796	NaN	NaN	range	0.45258
ML01	28	F	114	2	54	45	1	1	0	4.512068	NaN	NaN	range	0.45258
ML01	28	F	115	1	55	45	1	0	1	0.072659	NaN	NaN	range	0.45258
ML01	28	F	115	2	39	60	2	1	1	0.077796	NaN	NaN	range	0.45258
ML01	28	F	116	1	55	44	1	0	1	0.111729	NaN	NaN	range	0.45258
ML01	28	F	116	2	39	60	2	1	1	1.208439	NaN	NaN	range	0.45258
ML01	28	F	117	1	45	55	2	1	1	0.332100	NaN	NaN	range	0.45258
ML01	28	F	117	2	47	53	2	0	0	1.481737	NaN	NaN	range	0.45258
ML01	28	F	118	1	39	61	2	1	1	0.078265	NaN	NaN	range	0.45258
ML01	28	F	118	2	44	56	2	1	1	0.308913	NaN	NaN	range	0.45258
ML01	28	F	119	1	48	51	2	0	0	0.258533	NaN	NaN	range	0.45258
ML01	28	F	119	2	54	45	1	0	1	0.078007	NaN	NaN	range	0.45258
ML01	28	F	120	1	47	52	2	1	1	0.424094	NaN	NaN	range	0.45258
ML01	28	F	120	2	40	60	2	1	1	0.227422	NaN	NaN	range	0.45258
ML01	28	F	121	1	59	40	1	0	1	0.106027	NaN	NaN	range	0.45258
ML01	28	F	121	2	47	52	2	0	0	0.384867	NaN	NaN	range	0.45258
ML01	28	F	122	1	40	60	2	1	1	0.259659	NaN	NaN	range	0.45258
ML01	28	F	122	2	46	53	2	1	1	0.084023	NaN	NaN	range	0.45258
ML01	28	F	123	1	39	60	2	1	1	0.223392	NaN	NaN	range	0.45258
ML01	28	F	123	2	46	54	2	1	1	3.092588	NaN	NaN	range	0.45258
ML01	28	F	124	1	39	60	2	1	1	0.298528	NaN	NaN	range	0.45258
ML01	28	F	124	2	47	52	2	1	1	0.083474	NaN	NaN	range	0.45258
ML01	28	F	125	1	58	42	1	0	1	0.081480	NaN	NaN	range	0.45258
ML01	28	F	125	2	44	56	2	1	1	0.083733	NaN	NaN	range	0.45258
ML01	28	F	126	1	54	45	1	0	1	0.300612	NaN	NaN	range	0.45258
ML01	28	F	126	2	47	53	2	1	1	0.085169	NaN	NaN	range	0.45258
ML01	28	F	127	1	45	54	2	1	1	0.411250	NaN	NaN	range	0.45258
ML01	28	F	127	2	40	59	2	1	1	0.086057	NaN	NaN	range	0.45258
ML01	28	F	128	1	44	55	2	1	1	0.177100	NaN	NaN	range	0.45258
ML01	28	F	128	2	42	58	2	1	1	2.466582	NaN	NaN	range	0.45258
ML01	28	F	129	1	41	58	2	1	1	0.170429	NaN	NaN	range	0.45258
ML01	28	F	129	2	43	57	2	1	1	1.104065	NaN	NaN	range	0.45258
ML01	28	F	130	1	47	53	2	1	1	0.239490	NaN	NaN	range	0.45258
ML01	28	F	130	2	41	58	2	1	1	0.250565	NaN	NaN	range	0.45258
ML01	28	F	131	1	53	46	1	0	1	0.297743	NaN	NaN	range	0.45258
ML01	28	F	131	2	40	59	2	1	1	0.088368	NaN	NaN	range	0.45258
ML01	28	F	132	1	54	45	1	1	0	0.094387	NaN	NaN	range	0.45258
ML01	28	F	132	2	58	42	1	0	1	0.088543	NaN	NaN	range	0.45258
ML01	28	F	133	1	40	60	2	1	1	0.088139	NaN	NaN	range	0.45258
ML01	28	F	133	2	43	57	2	1	1	0.092004	NaN	NaN	range	0.45258
ML01	28	F	134	1	53	47	1	1	0	0.272360	NaN	NaN	range	0.45258
ML01	28	F	134	2	52	48	1	0	1	0.197700	NaN	NaN	range	0.45258
ML01	28	F	135	1	47	52	2	1	1	0.110288	NaN	NaN	range	0.45258
ML01	28	F	135	2	41	59	2	1	1	1.682761	NaN	NaN	range	0.45258
ML01	28	F	136	1	45	54	2	1	1	0.359845	NaN	NaN	range	0.45258
ML01	28	F	136	2	41	59	2	1	1	0.092217	NaN	NaN	range	0.45258
ML01	28	F	137	1	58	41	1	0	1	0.326114	NaN	NaN	range	0.45258
ML01	28	F	137	2	49	51	2	1	1	1.644481	NaN	NaN	range	0.45258
ML01	28	F	138	1	42	57	2	1	1	0.215872	NaN	NaN	range	0.45258
ML01	28	F	138	2	40	59	2	1	1	1.611149	NaN	NaN	range	0.45258
ML01	28	F	139	1	46	54	2	1	1	0.101981	NaN	NaN	range	0.45258
ML01	28	F	139	2	47	53	2	1	1	0.095501	NaN	NaN	range	0.45258
ML01	28	F	140	1	61	39	1	0	1	0.096732	NaN	NaN	range	0.45258
ML01	28	F	140	2	41	58	2	1	1	0.094153	NaN	NaN	range	0.45258
ML01	28	F	141	1	40	59	2	1	1	0.157347	NaN	NaN	range	0.45258
ML01	28	F	141	2	41	58	2	1	1	0.333397	NaN	NaN	range	0.45258
ML01	28	F	142	1	55	44	1	0	1	0.190374	NaN	NaN	range	0.45258
ML01	28	F	142	2	43	56	2	1	1	0.099550	NaN	NaN	range	0.45258
ML01	28	F	143	1	42	57	2	1	1	0.112537	NaN	NaN	range	0.45258
ML01	28	F	143	2	42	57	2	1	1	0.096096	NaN	NaN	range	0.45258
ML01	28	F	144	1	41	59	2	1	1	0.098396	NaN	NaN	range	0.45258
ML01	28	F	144	2	42	58	2	1	1	0.752987	NaN	NaN	range	0.45258
ML01	28	F	145	1	43	57	2	1	1	0.345327	NaN	NaN	range	0.45258
ML01	28	F	145	2	44	55	2	1	1	3.238273	NaN	NaN	range	0.45258
ML01	28	F	146	1	46	54	2	1	1	0.440089	NaN	NaN	range	0.45258
ML01	28	F	146	2	44	56	2	1	1	0.097708	NaN	NaN	range	0.45258
ML01	28	F	147	1	60	39	1	0	1	0.157001	NaN	NaN	range	0.45258
ML01	28	F	147	2	42	58	2	1	1	1.080836	NaN	NaN	range	0.45258
ML01	28	F	148	1	60	40	1	0	1	0.154979	NaN	NaN	range	0.45258
ML01	28	F	148	2	40	60	2	1	1	1.765399	NaN	NaN	range	0.45258
ML01	28	F	149	1	59	41	1	0	1	0.104762	NaN	NaN	range	0.45258
ML01	28	F	149	2	45	54	2	1	1	0.100489	NaN	NaN	range	0.45258
ML01	28	F	150	1	45	55	2	1	1	0.747422	NaN	NaN	range	0.45258
ML01	28	F	150	2	44	56	2	0	0	2.048547	NaN	NaN	range	0.45258
ML01	28	F	151	1	40	60	2	1	1	3.085779	NaN	NaN	range	0.45258
ML01	28	F	151	2	48	52	2	1	1	0.211572	NaN	NaN	range	0.45258
ML01	28	F	152	1	41	59	2	1	1	0.105838	NaN	NaN	range	0.45258
ML01	28	F	152	2	46	53	2	1	1	0.104283	NaN	NaN	range	0.45258
ML01	28	F	153	1	60	40	1	0	1	0.106644	NaN	NaN	range	0.45258
ML01	28	F	153	2	47	52	2	1	1	1.316111	NaN	NaN	range	0.45258
ML01	28	F	154	1	52	48	1	1	0	0.451084	NaN	NaN	range	0.45258
ML01	28	F	154	2	53	47	1	0	1	0.106496	NaN	NaN	range	0.45258
ML01	28	F	155	1	49	51	2	1	1	0.581003	NaN	NaN	range	0.45258
ML01	28	F	155	2	44	55	2	1	1	0.600496	NaN	NaN	range	0.45258
ML01	28	F	156	1	56	43	1	0	1	2.149933	NaN	NaN	range	0.45258
ML01	28	F	156	2	42	57	2	1	1	0.779811	NaN	NaN	range	0.45258
ML01	28	F	157	1	47	53	2	0	0	0.107772	NaN	NaN	range	0.45258
ML01	28	F	157	2	60	39	1	0	1	0.115195	NaN	NaN	range	0.45258
ML01	28	F	158	1	41	59	2	1	1	0.119369	NaN	NaN	range	0.45258
ML01	28	F	158	2	45	55	2	1	1	0.225084	NaN	NaN	range	0.45258
ML01	28	F	159	1	58	41	1	0	1	0.109876	NaN	NaN	range	0.45258
ML01	28	F	159	2	40	60	2	1	1	0.110077	NaN	NaN	range	0.45258
ML01	28	F	160	1	59	41	1	0	1	0.109817	NaN	NaN	range	0.45258
ML01	28	F	160	2	46	53	2	1	1	0.107729	NaN	NaN	range	0.45258
ML01	28	F	161	1	54	46	1	0	1	0.109713	NaN	NaN	range	0.45258
ML01	28	F	161	2	39	60	2	1	1	0.734559	NaN	NaN	range	0.45258
ML01	28	F	162	1	56	44	1	0	1	0.110022	NaN	NaN	range	0.45258
ML01	28	F	162	2	47	53	2	1	1	0.390962	NaN	NaN	range	0.45258
ML01	28	F	163	1	43	56	2	1	1	0.111341	NaN	NaN	range	0.45258
ML01	28	F	163	2	46	54	2	1	1	0.943735	NaN	NaN	range	0.45258
ML01	28	F	164	1	45	54	2	0	0	0.113931	NaN	NaN	range	0.45258
ML01	28	F	164	2	56	43	1	0	1	0.114030	NaN	NaN	range	0.45258
ML01	28	F	165	1	45	54	2	0	0	0.366701	NaN	NaN	range	0.45258
ML01	28	F	165	2	51	48	1	0	1	0.109785	NaN	NaN	range	0.45258
ML01	28	F	166	1	48	52	2	0	0	0.447589	NaN	NaN	range	0.45258
ML01	28	F	166	2	56	43	1	0	1	0.561156	NaN	NaN	range	0.45258
ML01	28	F	167	1	45	55	2	1	1	0.178441	NaN	NaN	range	0.45258
ML01	28	F	167	2	43	56	2	1	1	0.119254	NaN	NaN	range	0.45258
ML01	28	F	168	1	55	45	1	0	1	0.739305	NaN	NaN	range	0.45258
ML01	28	F	168	2	48	51	2	1	1	0.114659	NaN	NaN	range	0.45258
ML01	28	F	169	1	58	42	1	0	1	1.605054	NaN	NaN	range	0.45258
ML01	28	F	169	2	43	57	2	1	1	0.161554	NaN	NaN	range	0.45258
ML01	28	F	170	1	42	58	2	1	1	0.422220	NaN	NaN	range	0.45258
ML01	28	F	170	2	48	52	2	0	0	0.449206	NaN	NaN	range	0.45258
ML01	28	F	171	1	41	58	2	1	1	0.144090	NaN	NaN	range	0.45258
ML01	28	F	171	2	44	55	2	0	0	0.113110	NaN	NaN	range	0.45258
ML01	28	F	172	1	53	46	1	1	0	2.275831	NaN	NaN	range	0.45258
ML01	28	F	172	2	52	48	1	0	1	0.115232	NaN	NaN	range	0.45258
ML01	28	F	173	1	41	58	2	1	1	0.120051	NaN	NaN	range	0.45258
ML01	28	F	173	2	44	55	2	0	0	0.119507	NaN	NaN	range	0.45258
ML01	28	F	174	1	59	41	1	1	0	1.330486	NaN	NaN	range	0.45258
ML01	28	F	174	2	57	42	1	1	0	0.373072	NaN	NaN	range	0.45258
ML01	28	F	175	1	58	41	1	1	0	1.149854	NaN	NaN	range	0.45258
ML01	28	F	175	2	59	41	1	1	0	1.923814	NaN	NaN	range	0.45258
ML01	28	F	176	1	48	52	2	0	0	0.229637	NaN	NaN	range	0.45258
ML01	28	F	176	2	59	40	1	1	0	0.122638	NaN	NaN	range	0.45258
ML01	28	F	177	1	53	47	1	1	0	1.203512	NaN	NaN	range	0.45258
ML01	28	F	177	2	60	39	1	0	1	0.122443	NaN	NaN	range	0.45258
ML01	28	F	178	1	59	41	1	1	0	1.720544	NaN	NaN	range	0.45258
ML01	28	F	178	2	53	47	1	0	1	2.011534	NaN	NaN	range	0.45258
ML01	28	F	179	1	61	39	1	1	0	1.398611	NaN	NaN	range	0.45258
ML01	28	F	179	2	55	44	1	1	0	1.677477	NaN	NaN	range	0.45258
ML01	28	F	180	1	54	46	1	0	1	0.183081	NaN	NaN	range	0.45258
ML01	28	F	180	2	47	52	2	1	1	2.173188	NaN	NaN	range	0.45258
ML01	28	F	181	1	45	55	2	1	1	0.261250	NaN	NaN	range	0.45258
ML01	28	F	181	2	43	57	2	1	1	0.644750	NaN	NaN	range	0.45258
ML01	28	F	182	1	55	45	1	1	0	0.591181	NaN	NaN	range	0.45258
ML01	28	F	182	2	54	45	1	0	1	0.936881	NaN	NaN	range	0.45258
ML01	28	F	183	1	53	46	1	0	1	0.262913	NaN	NaN	range	0.45258
ML01	28	F	183	2	41	58	2	1	1	2.149369	NaN	NaN	range	0.45258
ML01	28	F	184	1	44	56	2	1	1	0.269011	NaN	NaN	range	0.45258
ML01	28	F	184	2	43	56	2	1	1	0.122630	NaN	NaN	range	0.45258
ML01	28	F	185	1	41	58	2	1	1	0.313612	NaN	NaN	range	0.45258
ML01	28	F	185	2	40	60	2	1	1	0.249822	NaN	NaN	range	0.45258
ML01	28	F	186	1	45	54	2	1	1	0.545975	NaN	NaN	range	0.45258
ML01	28	F	186	2	40	59	2	1	1	0.247220	NaN	NaN	range	0.45258
ML01	28	F	187	1	41	59	2	1	1	0.243294	NaN	NaN	range	0.45258
ML01	28	F	187	2	44	56	2	1	1	0.229300	NaN	NaN	range	0.45258
ML01	28	F	188	1	57	42	1	0	1	0.128007	NaN	NaN	range	0.45258
ML01	28	F	188	2	44	56	2	1	1	0.127836	NaN	NaN	range	0.45258
ML01	28	F	189	1	54	46	1	1	0	0.277293	NaN	NaN	range	0.45258
ML01	28	F	189	2	58	42	1	0	1	1.882142	NaN	NaN	range	0.45258
ML01	28	F	190	1	46	53	2	1	1	0.146271	NaN	NaN	range	0.45258
ML01	28	F	190	2	46	53	2	1	1	0.253246	NaN	NaN	range	0.45258
ML01	28	F	191	1	57	43	1	0	1	0.269644	NaN	NaN	range	0.45258
ML01	28	F	191	2	41	58	2	1	1	1.136859	NaN	NaN	range	0.45258
ML01	28	F	192	1	40	60	2	1	1	0.129577	NaN	NaN	range	0.45258
ML01	28	F	192	2	41	58	2	0	0	1.003549	NaN	NaN	range	0.45258
ML01	28	F	193	1	41	59	2	1	1	2.403879	NaN	NaN	range	0.45258
ML01	28	F	193	2	48	51	2	0	0	0.144766	NaN	NaN	range	0.45258
ML01	28	F	194	1	56	43	1	1	0	0.924992	NaN	NaN	range	0.45258
ML01	28	F	194	2	57	43	1	0	1	1.205380	NaN	NaN	range	0.45258
ML01	28	F	195	1	47	53	2	0	0	0.433348	NaN	NaN	range	0.45258
ML01	28	F	195	2	59	41	1	1	0	0.138420	NaN	NaN	range	0.45258
ML01	28	F	196	1	55	44	1	0	1	0.509290	NaN	NaN	range	0.45258
ML01	28	F	196	2	42	58	2	1	1	0.192434	NaN	NaN	range	0.45258
ML01	28	F	197	1	46	54	2	0	0	0.401572	NaN	NaN	range	0.45258
ML01	28	F	197	2	58	41	1	0	1	0.921378	NaN	NaN	range	0.45258
ML01	28	F	198	1	46	53	2	0	0	1.239358	NaN	NaN	range	0.45258
ML01	28	F	198	2	61	39	1	0	1	0.193070	NaN	NaN	range	0.45258
ML01	28	F	199	1	42	57	2	1	1	0.149985	NaN	NaN	range	0.45258
ML01	28	F	199	2	40	59	2	1	1	0.291344	NaN	NaN	range	0.45258
ML01	28	F	200	1	56	44	1	0	1	0.281080	NaN	NaN	range	0.45258
ML01	28	F	200	2	43	57	2	1	1	0.866020	NaN	NaN	range	0.45258
ML01	28	F	201	1	47	53	2	1	1	0.469154	NaN	NaN	range	0.45258
ML01	28	F	201	2	44	56	2	1	1	0.140031	NaN	NaN	range	0.45258
ML01	28	F	202	1	59	41	1	0	1	0.137385	NaN	NaN	range	0.45258
ML01	28	F	202	2	45	54	2	0	0	1.162873	NaN	NaN	range	0.45258
ML01	28	F	203	1	46	54	2	1	1	0.383942	NaN	NaN	range	0.45258
ML01	28	F	203	2	43	56	2	1	1	0.137318	NaN	NaN	range	0.45258
ML01	28	F	204	1	52	48	1	0	1	0.143032	NaN	NaN	range	0.45258
ML01	28	F	204	2	40	59	2	1	1	0.666452	NaN	NaN	range	0.45258
ML01	28	F	205	1	43	56	2	1	1	0.143322	NaN	NaN	range	0.45258
ML01	28	F	205	2	44	56	2	1	1	0.286682	NaN	NaN	range	0.45258
ML01	28	F	206	1	46	53	2	1	1	0.814715	NaN	NaN	range	0.45258
ML01	28	F	206	2	46	54	2	1	1	0.231292	NaN	NaN	range	0.45258
ML01	28	F	207	1	42	57	2	1	1	0.156307	NaN	NaN	range	0.45258
ML01	28	F	207	2	42	57	2	1	1	0.189818	NaN	NaN	range	0.45258
ML01	28	F	208	1	52	48	1	0	1	0.150144	NaN	NaN	range	0.45258
ML01	28	F	208	2	41	58	2	0	0	1.060674	NaN	NaN	range	0.45258
ML01	28	F	209	1	56	44	1	0	1	0.282134	NaN	NaN	range	0.45258
ML01	28	F	209	2	42	58	2	1	1	0.142731	NaN	NaN	range	0.45258
ML01	28	F	210	1	55	44	1	0	1	0.150845	NaN	NaN	range	0.45258
ML01	28	F	210	2	41	59	2	1	1	1.016497	NaN	NaN	range	0.45258
ML01	28	F	211	1	46	53	2	1	1	0.252087	NaN	NaN	range	0.45258
ML01	28	F	211	2	45	55	2	1	1	0.144629	NaN	NaN	range	0.45258
ML01	28	F	212	1	53	47	1	0	1	0.327140	NaN	NaN	range	0.45258
ML01	28	F	212	2	45	54	2	0	0	0.409099	NaN	NaN	range	0.45258
ML01	28	F	213	1	40	59	2	0	0	1.633242	NaN	NaN	range	0.45258
ML01	28	F	213	2	51	48	1	1	0	0.350708	NaN	NaN	range	0.45258
ML01	28	F	214	1	54	45	1	0	1	0.163185	NaN	NaN	range	0.45258
ML01	28	F	214	2	48	52	2	1	1	0.444155	NaN	NaN	range	0.45258
ML01	28	F	215	1	45	55	2	1	1	0.659976	NaN	NaN	range	0.45258
ML01	28	F	215	2	45	55	2	1	1	0.144359	NaN	NaN	range	0.45258
ML01	28	F	216	1	45	54	2	1	1	0.507256	NaN	NaN	range	0.45258
ML01	28	F	216	2	45	54	2	1	1	0.329594	NaN	NaN	range	0.45258
ML01	28	F	217	1	48	51	2	0	0	0.391632	NaN	NaN	range	0.45258
ML01	28	F	217	2	60	40	1	0	1	1.320656	NaN	NaN	range	0.45258
ML01	28	F	218	1	44	56	2	1	1	0.326839	NaN	NaN	range	0.45258
ML01	28	F	218	2	45	54	2	1	1	0.252083	NaN	NaN	range	0.45258
ML01	28	F	219	1	54	45	1	0	1	0.275269	NaN	NaN	range	0.45258
ML01	28	F	219	2	43	56	2	1	1	0.269319	NaN	NaN	range	0.45258
ML01	28	F	220	1	47	52	2	1	1	0.453571	NaN	NaN	range	0.45258
ML01	28	F	220	2	41	58	2	1	1	0.319699	NaN	NaN	range	0.45258
ML01	28	F	221	1	52	48	1	0	1	0.162325	NaN	NaN	range	0.45258
ML01	28	F	221	2	43	56	2	1	1	0.244859	NaN	NaN	range	0.45258
ML01	28	F	222	1	42	58	2	1	1	0.171378	NaN	NaN	range	0.45258
ML01	28	F	222	2	43	56	2	1	1	0.230068	NaN	NaN	range	0.45258
ML01	28	F	223	1	46	54	2	1	1	0.329600	NaN	NaN	range	0.45258
ML01	28	F	223	2	46	53	2	1	1	0.201071	NaN	NaN	range	0.45258
ML01	28	F	224	1	55	45	1	0	1	0.243963	NaN	NaN	range	0.45258
ML01	28	F	224	2	40	60	2	1	1	0.219047	NaN	NaN	range	0.45258
ML01	28	F	225	1	51	48	1	0	1	0.367090	NaN	NaN	range	0.45258
ML01	28	F	225	2	45	55	2	1	1	0.159377	NaN	NaN	range	0.45258
ML01	28	F	226	1	43	56	2	1	1	0.180032	NaN	NaN	range	0.45258
ML01	28	F	226	2	43	57	2	1	1	0.174734	NaN	NaN	range	0.45258
ML01	28	F	227	1	57	42	1	0	1	0.163586	NaN	NaN	range	0.45258
ML01	28	F	227	2	46	54	2	1	1	0.188659	NaN	NaN	range	0.45258
ML01	28	F	228	1	55	45	1	1	0	0.430969	NaN	NaN	range	0.45258
ML01	28	F	228	2	60	40	1	0	1	0.169793	NaN	NaN	range	0.45258
ML01	28	F	229	1	40	59	2	1	1	0.162484	NaN	NaN	range	0.45258
ML01	28	F	229	2	48	51	2	1	1	0.615400	NaN	NaN	range	0.45258
ML01	28	F	230	1	47	52	2	1	1	0.274694	NaN	NaN	range	0.45258
ML01	28	F	230	2	46	54	2	0	0	0.259882	NaN	NaN	range	0.45258
ML01	28	F	231	1	54	46	1	0	1	0.344271	NaN	NaN	range	0.45258
ML01	28	F	231	2	46	53	2	1	1	0.836661	NaN	NaN	range	0.45258
ML01	28	F	232	1	51	48	1	0	1	0.595851	NaN	NaN	range	0.45258
ML01	28	F	232	2	41	59	2	1	1	0.292907	NaN	NaN	range	0.45258
ML01	28	F	233	1	57	42	1	0	1	0.225878	NaN	NaN	range	0.45258
ML01	28	F	233	2	48	52	2	1	1	0.519413	NaN	NaN	range	0.45258
ML01	28	F	234	1	51	48	1	0	1	0.274234	NaN	NaN	range	0.45258
ML01	28	F	234	2	45	54	2	1	1	0.328052	NaN	NaN	range	0.45258
ML01	28	F	235	1	46	54	2	1	1	0.266976	NaN	NaN	range	0.45258
ML01	28	F	235	2	45	54	2	1	1	0.334205	NaN	NaN	range	0.45258
ML01	28	F	236	1	51	48	1	1	0	0.255183	NaN	NaN	range	0.45258
ML01	28	F	236	2	59	41	1	0	1	0.383843	NaN	NaN	range	0.45258
ML01	28	F	237	1	48	52	2	1	1	0.406359	NaN	NaN	range	0.45258
ML01	28	F	237	2	44	56	2	1	1	0.236379	NaN	NaN	range	0.45258
ML01	28	F	238	1	42	57	2	1	1	0.172977	NaN	NaN	range	0.45258
ML01	28	F	238	2	46	54	2	1	1	0.251204	NaN	NaN	range	0.45258
ML01	28	F	239	1	40	59	2	1	1	0.320166	NaN	NaN	range	0.45258
ML01	28	F	239	2	39	60	2	1	1	0.173211	NaN	NaN	range	0.45258
ML01	28	F	240	1	52	48	1	0	1	0.357894	NaN	NaN	range	0.45258
ML01	28	F	240	2	44	55	2	1	1	0.176954	NaN	NaN	range	0.45258
ML01	28	F	241	1	39	60	2	1	1	0.181319	NaN	NaN	range	0.45258
ML01	28	F	241	2	40	60	2	1	1	0.266888	NaN	NaN	range	0.45258
ML01	28	F	242	1	55	45	1	0	1	0.208446	NaN	NaN	range	0.45258
ML01	28	F	242	2	40	60	2	1	1	0.180015	NaN	NaN	range	0.45258
ML01	28	F	243	1	57	43	1	0	1	0.180956	NaN	NaN	range	0.45258
ML01	28	F	243	2	47	53	2	0	0	0.183429	NaN	NaN	range	0.45258
ML01	28	F	244	1	54	45	1	0	1	0.196378	NaN	NaN	range	0.45258
ML01	28	F	244	2	48	52	2	1	1	0.179790	NaN	NaN	range	0.45258
ML01	28	F	245	1	46	54	2	1	1	1.158218	NaN	NaN	range	0.45258
ML01	28	F	245	2	43	57	2	1	1	0.243724	NaN	NaN	range	0.45258
ML01	28	F	246	1	53	46	1	0	1	0.181695	NaN	NaN	range	0.45258
ML01	28	F	246	2	43	56	2	0	0	1.129806	NaN	NaN	range	0.45258
ML01	28	F	247	1	47	53	2	1	1	0.332723	NaN	NaN	range	0.45258
ML01	28	F	247	2	39	60	2	1	1	0.202310	NaN	NaN	range	0.45258
ML01	28	F	248	1	45	54	2	0	0	2.472202	NaN	NaN	range	0.45258
ML01	28	F	248	2	56	43	1	0	1	0.184720	NaN	NaN	range	0.45258
ML01	28	F	249	1	48	51	2	0	0	0.392540	NaN	NaN	range	0.45258
ML01	28	F	249	2	58	41	1	0	1	0.251057	NaN	NaN	range	0.45258
ML01	28	F	250	1	56	43	1	1	0	1.419562	NaN	NaN	range	0.45258
ML01	28	F	250	2	61	39	1	1	0	0.866517	NaN	NaN	range	0.45258
ML01	28	F	251	1	46	53	2	0	0	0.406639	NaN	NaN	range	0.45258
ML01	28	F	251	2	55	44	1	0	1	0.200922	NaN	NaN	range	0.45258
ML01	28	F	252	1	58	42	1	0	1	0.253101	NaN	NaN	range	0.45258
ML01	28	F	252	2	43	56	2	1	1	0.199394	NaN	NaN	range	0.45258
ML01	28	F	253	1	42	58	2	1	1	0.197076	NaN	NaN	range	0.45258
ML01	28	F	253	2	44	56	2	0	0	0.533567	NaN	NaN	range	0.45258
ML01	28	F	254	1	39	60	2	1	1	0.193559	NaN	NaN	range	0.45258
ML01	28	F	254	2	42	58	2	1	1	0.355147	NaN	NaN	range	0.45258
ML01	28	F	255	1	51	48	1	0	1	0.202750	NaN	NaN	range	0.45258
ML01	28	F	255	2	42	58	2	1	1	0.198376	NaN	NaN	range	0.45258
ML01	28	F	256	1	52	47	1	0	1	0.200869	NaN	NaN	range	0.45258
ML01	28	F	256	2	44	55	2	1	1	0.488795	NaN	NaN	range	0.45258
ML01	28	F	257	1	49	51	2	0	0	0.239139	NaN	NaN	range	0.45258
ML01	28	F	257	2	52	47	1	0	1	0.565872	NaN	NaN	range	0.45258
ML01	28	F	258	1	56	43	1	0	1	0.202851	NaN	NaN	range	0.45258
ML01	28	F	258	2	39	61	2	1	1	0.224638	NaN	NaN	range	0.45258
ML01	28	F	259	1	57	43	1	0	1	0.199420	NaN	NaN	range	0.45258
ML01	28	F	259	2	46	54	2	1	1	0.205784	NaN	NaN	range	0.45258
ML01	28	F	260	1	60	40	1	0	1	2.241877	NaN	NaN	range	0.45258
ML01	28	F	260	2	42	57	2	0	0	1.036558	NaN	NaN	range	0.45258
ML01	28	F	261	1	40	59	2	1	1	0.291110	NaN	NaN	range	0.45258
ML01	28	F	261	2	48	52	2	0	0	0.696259	NaN	NaN	range	0.45258
ML01	28	F	262	1	43	57	2	1	1	0.212854	NaN	NaN	range	0.45258
ML01	28	F	262	2	41	58	2	1	1	1.911303	NaN	NaN	range	0.45258
ML01	28	F	263	1	54	45	1	0	1	0.212166	NaN	NaN	range	0.45258
ML01	28	F	263	2	45	54	2	1	1	0.479391	NaN	NaN	range	0.45258
ML01	28	F	264	1	48	51	2	0	0	0.281943	NaN	NaN	range	0.45258
ML01	28	F	264	2	60	40	1	0	1	0.239112	NaN	NaN	range	0.45258
ML01	28	F	265	1	60	40	1	0	1	1.127753	NaN	NaN	range	0.45258
ML01	28	F	265	2	41	59	2	1	1	0.267675	NaN	NaN	range	0.45258
ML01	28	F	266	1	43	57	2	1	1	0.340388	NaN	NaN	range	0.45258
ML01	28	F	266	2	45	55	2	0	0	0.210824	NaN	NaN	range	0.45258
ML01	28	F	267	1	53	47	1	0	1	1.133361	NaN	NaN	range	0.45258
ML01	28	F	267	2	44	56	2	1	1	0.210326	NaN	NaN	range	0.45258
ML01	28	F	268	1	46	53	2	0	0	0.243862	NaN	NaN	range	0.45258
ML01	28	F	268	2	57	43	1	0	1	0.210618	NaN	NaN	range	0.45258
ML01	28	F	269	1	41	59	2	1	1	0.216541	NaN	NaN	range	0.45258
ML01	28	F	269	2	40	59	2	1	1	0.300456	NaN	NaN	range	0.45258
ML01	28	F	270	1	59	40	1	0	1	0.218763	NaN	NaN	range	0.45258
ML01	28	F	270	2	43	56	2	1	1	0.995586	NaN	NaN	range	0.45258
ML01	28	F	271	1	59	40	1	0	1	0.757340	NaN	NaN	range	0.45258
ML01	28	F	271	2	46	53	2	1	1	0.550927	NaN	NaN	range	0.45258
ML01	28	F	272	1	58	42	1	0	1	0.218192	NaN	NaN	range	0.45258
ML01	28	F	272	2	46	53	2	1	1	0.457719	NaN	NaN	range	0.45258
ML01	28	F	273	1	51	49	1	0	1	0.401426	NaN	NaN	range	0.45258
ML01	28	F	273	2	42	58	2	1	1	0.361239	NaN	NaN	range	0.45258
ML01	28	F	274	1	52	48	1	1	0	1.130730	NaN	NaN	range	0.45258
ML01	28	F	274	2	58	41	1	0	1	0.215702	NaN	NaN	range	0.45258
ML01	28	F	275	1	53	47	1	1	0	0.374954	NaN	NaN	range	0.45258
ML01	28	F	275	2	55	45	1	1	0	0.517376	NaN	NaN	range	0.45258
ML01	28	F	276	1	53	47	1	0	1	0.214407	NaN	NaN	range	0.45258
ML01	28	F	276	2	41	59	2	1	1	0.220695	NaN	NaN	range	0.45258
ML01	28	F	277	1	39	60	2	1	1	0.220469	NaN	NaN	range	0.45258
ML01	28	F	277	2	42	58	2	1	1	0.219596	NaN	NaN	range	0.45258
ML01	28	F	278	1	40	59	2	1	1	0.221661	NaN	NaN	range	0.45258
ML01	28	F	278	2	39	61	2	1	1	0.221453	NaN	NaN	range	0.45258
ML01	28	F	279	1	43	56	2	1	1	0.227137	NaN	NaN	range	0.45258
ML01	28	F	279	2	44	56	2	1	1	0.227593	NaN	NaN	range	0.45258
ML01	28	F	280	1	45	54	2	1	1	0.258156	NaN	NaN	range	0.45258
ML01	28	F	280	2	44	55	2	1	1	0.233062	NaN	NaN	range	0.45258
ML01	28	F	281	1	41	58	2	1	1	0.283307	NaN	NaN	range	0.45258
ML01	28	F	281	2	41	59	2	1	1	1.127341	NaN	NaN	range	0.45258
ML01	28	F	282	1	40	59	2	1	1	0.873990	NaN	NaN	range	0.45258
ML01	28	F	282	2	42	58	2	1	1	0.238807	NaN	NaN	range	0.45258
ML01	28	F	283	1	41	59	2	1	1	0.234303	NaN	NaN	range	0.45258
ML01	28	F	283	2	42	57	2	1	1	0.364381	NaN	NaN	range	0.45258
ML01	28	F	284	1	52	47	1	0	1	0.259208	NaN	NaN	range	0.45258
ML01	28	F	284	2	44	56	2	0	0	0.407978	NaN	NaN	range	0.45258
ML01	28	F	285	1	59	41	1	0	1	0.228860	NaN	NaN	range	0.45258
ML01	28	F	285	2	48	52	2	1	1	0.225373	NaN	NaN	range	0.45258
ML01	28	F	286	1	59	41	1	0	1	0.244149	NaN	NaN	range	0.45258
ML01	28	F	286	2	39	60	2	1	1	0.232879	NaN	NaN	range	0.45258
ML01	28	F	287	1	58	42	1	0	1	0.226385	NaN	NaN	range	0.45258
ML01	28	F	287	2	42	58	2	1	1	0.230215	NaN	NaN	range	0.45258
ML01	28	F	288	1	53	46	1	0	1	1.299559	NaN	NaN	range	0.45258
ML01	28	F	288	2	43	57	2	1	1	0.254775	NaN	NaN	range	0.45258
ML01	28	F	289	1	42	58	2	1	1	0.349533	NaN	NaN	range	0.45258
ML01	28	F	289	2	48	52	2	0	0	0.524610	NaN	NaN	range	0.45258
ML01	28	F	290	1	52	47	1	0	1	0.347477	NaN	NaN	range	0.45258
ML01	28	F	290	2	43	57	2	1	1	0.700769	NaN	NaN	range	0.45258
ML01	28	F	291	1	46	54	2	1	1	0.473111	NaN	NaN	range	0.45258
ML01	28	F	291	2	39	61	2	1	1	0.245200	NaN	NaN	range	0.45258
ML01	28	F	292	1	59	41	1	0	1	0.237883	NaN	NaN	range	0.45258
ML01	28	F	292	2	47	52	2	1	1	0.262528	NaN	NaN	range	0.45258
ML01	28	F	293	1	60	39	1	0	1	0.235394	NaN	NaN	range	0.45258
ML01	28	F	293	2	44	55	2	1	1	0.233063	NaN	NaN	range	0.45258
ML01	28	F	294	1	53	47	1	1	0	0.552962	NaN	NaN	range	0.45258
ML01	28	F	294	2	58	41	1	0	1	0.346971	NaN	NaN	range	0.45258
ML01	28	F	295	1	43	56	2	1	1	0.385452	NaN	NaN	range	0.45258
ML01	28	F	295	2	41	59	2	1	1	0.498356	NaN	NaN	range	0.45258
ML01	28	F	296	1	53	47	1	0	1	0.406008	NaN	NaN	range	0.45258
ML01	28	F	296	2	45	55	2	1	1	1.115694	NaN	NaN	range	0.45258
ML01	28	F	297	1	39	60	2	1	1	0.298748	NaN	NaN	range	0.45258
ML01	28	F	297	2	44	55	2	0	0	0.922055	NaN	NaN	range	0.45258
ML01	28	F	298	1	53	46	1	0	1	0.420021	NaN	NaN	range	0.45258
ML01	28	F	298	2	41	58	2	1	1	0.269750	NaN	NaN	range	0.45258
ML01	28	F	299	1	44	55	2	1	1	0.408165	NaN	NaN	range	0.45258
ML01	28	F	299	2	41	58	2	1	1	0.345656	NaN	NaN	range	0.45258
ML01	28	F	300	1	52	47	1	0	1	0.387751	NaN	NaN	range	0.45258
ML01	28	F	300	2	40	60	2	1	1	0.667089	NaN	NaN	range	0.45258
ML01	28	F	301	1	60	39	1	0	1	0.247992	NaN	NaN	range	0.45258
ML01	28	F	301	2	42	58	2	1	1	0.313798	NaN	NaN	range	0.45258
ML01	28	F	302	1	60	40	1	0	1	0.244742	NaN	NaN	range	0.45258
ML01	28	F	302	2	39	61	2	1	1	0.724079	NaN	NaN	range	0.45258
ML01	28	F	303	1	42	58	2	1	1	0.295393	NaN	NaN	range	0.45258
ML01	28	F	303	2	41	59	2	1	1	0.823053	NaN	NaN	range	0.45258
ML01	28	F	304	1	51	48	1	0	1	0.965573	NaN	NaN	range	0.45258
ML01	28	F	304	2	43	57	2	1	1	0.319017	NaN	NaN	range	0.45258
ML01	28	F	305	1	48	51	2	0	0	0.482537	NaN	NaN	range	0.45258
ML01	28	F	305	2	55	44	1	0	1	0.364166	NaN	NaN	range	0.45258
ML01	28	F	306	1	57	43	1	0	1	0.276647	NaN	NaN	range	0.45258
ML01	28	F	306	2	47	53	2	1	1	0.270765	NaN	NaN	range	0.45258
ML01	28	F	307	1	53	47	1	0	1	1.074035	NaN	NaN	range	0.45258
ML01	28	F	307	2	39	61	2	1	1	0.354683	NaN	NaN	range	0.45258
ML01	28	F	308	1	45	55	2	1	1	0.526609	NaN	NaN	range	0.45258
ML01	28	F	308	2	44	55	2	1	1	0.374113	NaN	NaN	range	0.45258
ML01	28	F	309	1	53	46	1	0	1	0.269085	NaN	NaN	range	0.45258
ML01	28	F	309	2	43	56	2	1	1	0.845636	NaN	NaN	range	0.45258
ML01	28	F	310	1	40	59	2	1	1	0.480470	NaN	NaN	range	0.45258
ML01	28	F	310	2	45	55	2	0	0	0.300478	NaN	NaN	range	0.45258
ML01	28	F	311	1	46	53	2	0	0	0.259625	NaN	NaN	range	0.45258
ML01	28	F	311	2	57	43	1	0	1	0.305594	NaN	NaN	range	0.45258
ML01	28	F	312	1	59	40	1	0	1	0.430901	NaN	NaN	range	0.45258
ML01	28	F	312	2	46	53	2	1	1	0.754260	NaN	NaN	range	0.45258
ML01	28	F	313	1	52	47	1	1	0	0.500609	NaN	NaN	range	0.45258
ML01	28	F	313	2	56	43	1	0	1	0.254521	NaN	NaN	range	0.45258
ML01	28	F	314	1	57	43	1	0	1	0.262724	NaN	NaN	range	0.45258
ML01	28	F	314	2	40	59	2	1	1	0.260529	NaN	NaN	range	0.45258
ML01	28	F	315	1	53	47	1	0	1	0.725122	NaN	NaN	range	0.45258
ML01	28	F	315	2	48	52	2	0	0	0.496656	NaN	NaN	range	0.45258
ML01	28	F	316	1	44	56	2	0	0	0.438001	NaN	NaN	range	0.45258
ML01	28	F	316	2	59	41	1	0	1	0.287311	NaN	NaN	range	0.45258
ML01	28	F	317	1	43	57	2	1	1	0.326401	NaN	NaN	range	0.45258
ML01	28	F	317	2	44	55	2	1	1	0.371465	NaN	NaN	range	0.45258
ML01	28	F	318	1	54	46	1	1	0	0.502151	NaN	NaN	range	0.45258
ML01	28	F	318	2	58	41	1	1	0	0.504760	NaN	NaN	range	0.45258
ML01	28	F	319	1	46	54	2	1	1	0.267695	NaN	NaN	range	0.45258
ML01	28	F	319	2	42	57	2	1	1	0.294290	NaN	NaN	range	0.45258
ML01	28	F	320	1	51	48	1	0	1	0.324113	NaN	NaN	range	0.45258
ML01	28	F	320	2	43	56	2	1	1	0.728522	NaN	NaN	range	0.45258
ML01	28	F	321	1	57	43	1	0	1	0.395063	NaN	NaN	range	0.45258
ML01	28	F	321	2	45	55	2	1	1	0.348621	NaN	NaN	range	0.45258
ML01	28	F	322	1	47	53	2	1	1	0.435623	NaN	NaN	range	0.45258
ML01	28	F	322	2	41	59	2	1	1	0.467644	NaN	NaN	range	0.45258
ML01	28	F	323	1	41	59	2	1	1	0.263440	NaN	NaN	range	0.45258
ML01	28	F	323	2	41	58	2	1	1	0.397530	NaN	NaN	range	0.45258
ML01	28	F	324	1	59	41	1	0	1	0.269721	NaN	NaN	range	0.45258
ML01	28	F	324	2	43	57	2	1	1	0.342587	NaN	NaN	range	0.45258
ML01	28	F	325	1	40	59	2	1	1	0.265966	NaN	NaN	range	0.45258
ML01	28	F	325	2	42	57	2	1	1	0.265111	NaN	NaN	range	0.45258
ML01	28	F	326	1	43	56	2	1	1	0.308706	NaN	NaN	range	0.45258
ML01	28	F	326	2	43	56	2	1	1	0.896674	NaN	NaN	range	0.45258
ML01	28	F	327	1	40	59	2	1	1	0.463438	NaN	NaN	range	0.45258
ML01	28	F	327	2	49	51	2	1	1	0.692099	NaN	NaN	range	0.45258
ML01	28	F	328	1	60	40	1	0	1	0.265806	NaN	NaN	range	0.45258
ML01	28	F	328	2	47	52	2	1	1	0.275353	NaN	NaN	range	0.45258
ML01	28	F	329	1	52	48	1	0	1	0.549029	NaN	NaN	range	0.45258
ML01	28	F	329	2	46	53	2	1	1	0.498183	NaN	NaN	range	0.45258
ML01	28	F	330	1	48	52	2	1	1	0.602425	NaN	NaN	range	0.45258
ML01	28	F	330	2	42	57	2	1	1	0.574401	NaN	NaN	range	0.45258
ML01	28	F	331	1	40	59	2	1	1	0.278771	NaN	NaN	range	0.45258
ML01	28	F	331	2	43	56	2	1	1	0.391886	NaN	NaN	range	0.45258
ML01	28	F	332	1	51	48	1	1	0	0.276860	NaN	NaN	range	0.45258
ML01	28	F	332	2	52	47	1	0	1	0.349226	NaN	NaN	range	0.45258
ML01	28	F	333	1	52	47	1	0	1	0.476999	NaN	NaN	range	0.45258
ML01	28	F	333	2	43	57	2	1	1	0.454983	NaN	NaN	range	0.45258
ML01	28	F	334	1	60	39	1	0	1	0.373632	NaN	NaN	range	0.45258
ML01	28	F	334	2	41	59	2	1	1	0.415687	NaN	NaN	range	0.45258
ML01	28	F	335	1	42	58	2	1	1	0.279822	NaN	NaN	range	0.45258
ML01	28	F	335	2	45	54	2	1	1	0.400546	NaN	NaN	range	0.45258
ML01	28	F	336	1	48	51	2	1	1	0.329086	NaN	NaN	range	0.45258
ML01	28	F	336	2	40	59	2	1	1	0.554586	NaN	NaN	range	0.45258
ML01	28	F	337	1	41	58	2	1	1	0.336932	NaN	NaN	range	0.45258
ML01	28	F	337	2	39	61	2	1	1	0.364097	NaN	NaN	range	0.45258
ML01	28	F	338	1	53	47	1	0	1	1.374336	NaN	NaN	range	0.45258
ML01	28	F	338	2	48	52	2	1	1	0.382835	NaN	NaN	range	0.45258
ML01	28	F	339	1	51	48	1	1	0	0.459433	NaN	NaN	range	0.45258
ML01	28	F	339	2	55	44	1	0	1	0.718293	NaN	NaN	range	0.45258
ML01	28	F	340	1	46	53	2	0	0	0.283160	NaN	NaN	range	0.45258
ML01	28	F	340	2	56	43	1	0	1	0.536770	NaN	NaN	range	0.45258
ML01	28	F	341	1	59	40	1	0	1	0.937941	NaN	NaN	range	0.45258
ML01	28	F	341	2	47	53	2	1	1	0.478581	NaN	NaN	range	0.45258
ML01	28	F	342	1	41	58	2	1	1	0.432965	NaN	NaN	range	0.45258
ML01	28	F	342	2	40	60	2	1	1	0.318126	NaN	NaN	range	0.45258
ML01	28	F	343	1	51	48	1	1	0	0.448389	NaN	NaN	range	0.45258
ML01	28	F	343	2	53	46	1	0	1	0.466992	NaN	NaN	range	0.45258
ML01	28	F	344	1	60	40	1	1	0	0.479561	NaN	NaN	range	0.45258
ML01	28	F	344	2	57	42	1	0	1	0.438222	NaN	NaN	range	0.45258
ML01	28	F	345	1	54	45	1	0	1	0.471161	NaN	NaN	range	0.45258
ML01	28	F	345	2	39	60	2	1	1	0.524112	NaN	NaN	range	0.45258
ML01	28	F	346	1	45	54	2	1	1	0.349455	NaN	NaN	range	0.45258
ML01	28	F	346	2	46	53	2	1	1	0.376898	NaN	NaN	range	0.45258
ML01	28	F	347	1	39	60	2	1	1	0.368170	NaN	NaN	range	0.45258
ML01	28	F	347	2	45	54	2	1	1	0.316886	NaN	NaN	range	0.45258
ML01	28	F	348	1	48	52	2	0	0	0.385405	NaN	NaN	range	0.45258
ML01	28	F	348	2	60	40	1	0	1	0.328207	NaN	NaN	range	0.45258
ML01	28	F	349	1	56	43	1	0	1	0.621838	NaN	NaN	range	0.45258
ML01	28	F	349	2	41	58	2	1	1	0.466631	NaN	NaN	range	0.45258
ML01	28	F	350	1	60	40	1	0	1	1.175068	NaN	NaN	range	0.45258
ML01	28	F	350	2	44	56	2	1	1	1.074807	NaN	NaN	range	0.45258
ML01	28	F	351	1	53	46	1	1	0	0.565326	NaN	NaN	range	0.45258
ML01	28	F	351	2	54	45	1	1	0	0.440513	NaN	NaN	range	0.45258
ML01	28	F	352	1	59	40	1	0	1	0.733510	NaN	NaN	range	0.45258
ML01	28	F	352	2	45	54	2	1	1	0.594249	NaN	NaN	range	0.45258
ML01	28	F	353	1	60	39	1	0	1	0.306855	NaN	NaN	range	0.45258
ML01	28	F	353	2	39	60	2	1	1	0.417688	NaN	NaN	range	0.45258
ML01	28	F	354	1	60	39	1	0	1	0.299591	NaN	NaN	range	0.45258
ML01	28	F	354	2	44	56	2	1	1	0.478705	NaN	NaN	range	0.45258
ML01	28	F	355	1	57	43	1	1	0	0.528560	NaN	NaN	range	0.45258
ML01	28	F	355	2	53	47	1	0	1	0.379064	NaN	NaN	range	0.45258
ML01	28	F	356	1	48	51	2	1	1	0.394832	NaN	NaN	range	0.45258
ML01	28	F	356	2	42	58	2	1	1	0.361810	NaN	NaN	range	0.45258
ML01	28	F	357	1	39	61	2	1	1	0.379961	NaN	NaN	range	0.45258
ML01	28	F	357	2	39	60	2	1	1	0.443160	NaN	NaN	range	0.45258
ML01	28	F	358	1	60	40	1	0	1	0.904324	NaN	NaN	range	0.45258
ML01	28	F	358	2	44	56	2	1	1	0.309228	NaN	NaN	range	0.45258
ML01	28	F	359	1	53	47	1	0	1	0.312505	NaN	NaN	range	0.45258
ML01	28	F	359	2	40	60	2	1	1	0.518114	NaN	NaN	range	0.45258
ML01	28	F	360	1	40	60	2	1	1	0.388172	NaN	NaN	range	0.45258
ML01	28	F	360	2	48	52	2	1	1	0.403144	NaN	NaN	range	0.45258
ML01	28	F	361	1	42	58	2	1	1	0.308868	NaN	NaN	range	0.45258
ML01	28	F	361	2	45	54	2	0	0	0.342562	NaN	NaN	range	0.45258
ML01	28	F	362	1	40	60	2	1	1	0.311765	NaN	NaN	range	0.45258
ML01	28	F	362	2	41	58	2	1	1	0.354146	NaN	NaN	range	0.45258
ML01	28	F	363	1	43	56	2	1	1	0.543127	NaN	NaN	range	0.45258
ML01	28	F	363	2	44	55	2	1	1	0.667307	NaN	NaN	range	0.45258
ML01	28	F	364	1	54	45	1	0	1	0.403974	NaN	NaN	range	0.45258
ML01	28	F	364	2	48	51	2	1	1	0.373883	NaN	NaN	range	0.45258
ML01	28	F	365	1	42	58	2	1	1	0.324150	NaN	NaN	range	0.45258
ML01	28	F	365	2	45	54	2	1	1	0.375210	NaN	NaN	range	0.45258
ML01	28	F	366	1	47	52	2	1	1	0.316742	NaN	NaN	range	0.45258
ML01	28	F	366	2	42	58	2	1	1	0.366190	NaN	NaN	range	0.45258
ML01	28	F	367	1	41	58	2	1	1	0.746052	NaN	NaN	range	0.45258
ML01	28	F	367	2	42	58	2	1	1	0.631638	NaN	NaN	range	0.45258
ML01	28	F	368	1	58	42	1	0	1	0.381103	NaN	NaN	range	0.45258
ML01	28	F	368	2	40	59	2	1	1	0.620123	NaN	NaN	range	0.45258
ML01	28	F	369	1	54	46	1	1	0	0.326244	NaN	NaN	range	0.45258
ML01	28	F	369	2	57	42	1	0	1	0.655250	NaN	NaN	range	0.45258
ML01	28	F	370	1	40	60	2	1	1	0.319658	NaN	NaN	range	0.45258
ML01	28	F	370	2	42	58	2	1	1	0.505814	NaN	NaN	range	0.45258
ML01	28	F	371	1	39	61	2	1	1	0.312312	NaN	NaN	range	0.45258
ML01	28	F	371	2	45	54	2	1	1	0.346744	NaN	NaN	range	0.45258
ML01	28	F	372	1	40	59	2	1	1	0.329872	NaN	NaN	range	0.45258
ML01	28	F	372	2	43	57	2	1	1	0.409585	NaN	NaN	range	0.45258
ML01	28	F	373	1	42	57	2	1	1	0.409717	NaN	NaN	range	0.45258
ML01	28	F	373	2	42	58	2	1	1	0.628921	NaN	NaN	range	0.45258
ML01	28	F	374	1	52	48	1	0	1	0.332266	NaN	NaN	range	0.45258
ML01	28	F	374	2	45	55	2	1	1	0.359309	NaN	NaN	range	0.45258
ML01	28	F	375	1	56	43	1	0	1	0.317448	NaN	NaN	range	0.45258
ML01	28	F	375	2	39	60	2	1	1	0.328014	NaN	NaN	range	0.45258
ML01	28	F	376	1	48	52	2	1	1	0.339247	NaN	NaN	range	0.45258
ML01	28	F	376	2	48	51	2	0	0	0.535138	NaN	NaN	range	0.45258
ML01	28	F	377	1	58	41	1	0	1	0.340425	NaN	NaN	range	0.45258
ML01	28	F	377	2	49	51	2	1	1	0.494363	NaN	NaN	range	0.45258
ML01	28	F	378	1	56	43	1	0	1	0.331801	NaN	NaN	range	0.45258
ML01	28	F	378	2	42	58	2	1	1	0.358507	NaN	NaN	range	0.45258
ML01	28	F	379	1	55	44	1	1	0	0.471561	NaN	NaN	range	0.45258
ML01	28	F	379	2	58	41	1	0	1	0.339008	NaN	NaN	range	0.45258
ML01	28	F	380	1	40	60	2	1	1	0.354733	NaN	NaN	range	0.45258
ML01	28	F	380	2	41	58	2	1	1	0.826410	NaN	NaN	range	0.45258
ML01	28	F	381	1	52	47	1	0	1	0.323257	NaN	NaN	range	0.45258
ML01	28	F	381	2	45	54	2	1	1	0.523106	NaN	NaN	range	0.45258
ML01	28	F	382	1	48	52	2	1	1	0.337265	NaN	NaN	range	0.45258
ML01	28	F	382	2	46	53	2	1	1	0.344043	NaN	NaN	range	0.45258
ML01	28	F	383	1	47	52	2	0	0	0.330283	NaN	NaN	range	0.45258
ML01	28	F	383	2	53	47	1	0	1	0.397405	NaN	NaN	range	0.45258
ML01	28	F	384	1	51	49	1	1	0	0.336548	NaN	NaN	range	0.45258
ML01	28	F	384	2	55	44	1	0	1	0.669330	NaN	NaN	range	0.45258
ML01	28	F	385	1	58	41	1	0	1	0.391146	NaN	NaN	range	0.45258
ML01	28	F	385	2	48	51	2	1	1	0.426582	NaN	NaN	range	0.45258
ML01	28	F	386	1	56	43	1	0	1	0.987674	NaN	NaN	range	0.45258
ML01	28	F	386	2	48	52	2	1	1	0.339000	NaN	NaN	range	0.45258
ML01	28	F	387	1	55	44	1	0	1	0.350036	NaN	NaN	range	0.45258
ML01	28	F	387	2	47	53	2	1	1	0.336666	NaN	NaN	range	0.45258
ML01	28	F	388	1	40	60	2	1	1	0.346203	NaN	NaN	range	0.45258
ML01	28	F	388	2	46	53	2	1	1	0.370117	NaN	NaN	range	0.45258
ML01	28	F	389	1	57	43	1	0	1	0.338293	NaN	NaN	range	0.45258
ML01	28	F	389	2	44	56	2	1	1	0.436387	NaN	NaN	range	0.45258
ML01	28	F	390	1	42	57	2	1	1	0.343153	NaN	NaN	range	0.45258
ML01	28	F	390	2	47	52	2	1	1	0.373255	NaN	NaN	range	0.45258
ML01	28	F	391	1	59	40	1	0	1	0.345105	NaN	NaN	range	0.45258
ML01	28	F	391	2	46	53	2	1	1	0.369831	NaN	NaN	range	0.45258
ML01	28	F	392	1	40	60	2	1	1	0.352918	NaN	NaN	range	0.45258
ML01	28	F	392	2	43	57	2	1	1	0.368661	NaN	NaN	range	0.45258
ML01	28	F	393	1	41	58	2	1	1	0.348344	NaN	NaN	range	0.45258
ML01	28	F	393	2	39	60	2	1	1	0.340065	NaN	NaN	range	0.45258
ML01	28	F	394	1	43	56	2	1	1	0.354133	NaN	NaN	range	0.45258
ML01	28	F	394	2	45	54	2	1	1	0.356742	NaN	NaN	range	0.45258
ML01	28	F	395	1	43	56	2	1	1	0.851253	NaN	NaN	range	0.45258
ML01	28	F	395	2	46	54	2	1	1	0.490609	NaN	NaN	range	0.45258
ML01	28	F	396	1	48	52	2	0	0	0.347336	NaN	NaN	range	0.45258
ML01	28	F	396	2	56	44	1	0	1	0.482527	NaN	NaN	range	0.45258
ML01	28	F	397	1	48	51	2	0	0	0.355717	NaN	NaN	range	0.45258
ML01	28	F	397	2	53	46	1	1	0	0.448322	NaN	NaN	range	0.45258
ML01	28	F	398	1	52	48	1	0	1	0.348281	NaN	NaN	range	0.45258
ML01	28	F	398	2	48	51	2	1	1	0.443967	NaN	NaN	range	0.45258
ML01	28	F	399	1	40	60	2	1	1	0.348323	NaN	NaN	range	0.45258
ML01	28	F	399	2	41	59	2	1	1	0.519625	NaN	NaN	range	0.45258
ML01	28	F	400	1	42	58	2	0	0	1.134772	NaN	NaN	range	0.45258
ML01	28	F	400	2	52	47	1	1	0	0.482801	NaN	NaN	range	0.45258
